1.000000000000000021e-02 2.450321215942639542e+10
1.097498765493056146e-02 2.582364849782210922e+10
1.204503540258782326e-02 2.717986641351715469e+10
1.321941148466028795e-02 2.875505951695832443e+10
1.450828778495939428e-02 3.072292569362144089e+10
1.592282793341092198e-02 3.314568384264012527e+10
1.747528400007683849e-02 3.589019518063602448e+10
1.917910261672488639e-02 3.866510386589351654e+10
2.104904144512020903e-02 4.124642492877477264e+10
2.310129700083160542e-02 4.375949119816561890e+10
2.535364493970111363e-02 4.663945700533943939e+10
2.782559402207124277e-02 5.007795312893126678e+10
3.053855508833415444e-02 5.364302065496985626e+10
3.351602650938842465e-02 5.702479777682296753e+10
3.678379771828634015e-02 6.077313394732890320e+10
4.037017258596553582e-02 6.502378972815399170e+10
4.430621457583882455e-02 6.914267117891433716e+10
4.862601580065353118e-02 7.367832082273686218e+10
5.336699231206309957e-02 7.849099949712435913e+10
5.857020818056667133e-02 8.344389834407061768e+10
6.428073117284321958e-02 8.879009839267294312e+10
7.054802310718645553e-02 9.436155627241120911e+10
7.742636826811269413e-02 1.001730588849221191e+11
8.497534359086446332e-02 1.063974460165665131e+11
9.326033468832199691e-02 1.128747383454654999e+11
1.023531021899026366e-01 1.196363307049693756e+11
1.123324032978027659e-01 1.267320510040680084e+11
1.232846739442066547e-01 1.341688570392554474e+11
1.353047774579807516e-01 1.419454959612069092e+11
1.484968262254464932e-01 1.500484800730760193e+11
1.629750834620644351e-01 1.584733909994166870e+11
1.788649529057435017e-01 1.672710560533544006e+11
1.963040650040271395e-01 1.763854633189150085e+11
2.154434690031884481e-01 1.858598252718684692e+11
2.364489412645408295e-01 1.956639196399551392e+11
2.595024211399737379e-01 2.057852114509843140e+11
2.848035868435802032e-01 2.162214395589595032e+11
3.125715849688237014e-01 2.269960181723335571e+11
3.430469286314919430e-01 2.380772026773450012e+11
3.764935806792469308e-01 2.494060497311617126e+11
4.132012400115338546e-01 2.608117676747231140e+11
4.534878508128584174e-01 2.729142770443499451e+11
4.977023564332111460e-01 2.848286240289870605e+11
5.462277217684342601e-01 2.968217913506503296e+11
5.994842503189411476e-01 3.095263003383236694e+11
6.579332246575682053e-01 3.216722843219785156e+11
7.220809018385467848e-01 3.341219960756307373e+11
7.924828983539177196e-01 3.469056480416076050e+11
8.697490026177834288e-01 3.589080179125376587e+11
9.545484566618341882e-01 3.715064833301427612e+11
1.047615752789665233e+00 3.837582142192907104e+11
1.149756995397736903e+00 3.949933687838672485e+11
1.261856883066021062e+00 4.072353933249326172e+11
1.384886371393873050e+00 4.183155997483372192e+11
1.519911082952934755e+00 4.282539736912182617e+11
1.668100537200059241e+00 4.394270609114318237e+11
1.830738280295369780e+00 4.485853924575095825e+11
2.009233002565047776e+00 4.568394253247011108e+11
2.205130739903045534e+00 4.657253947823126831e+11
2.420128264794383366e+00 4.720264871379987793e+11
2.656087782946686904e+00 4.783374304151119385e+11
2.915053062825178731e+00 4.835202033891856689e+11
3.199267137797384475e+00 4.861481485057972412e+11
3.511191734215134641e+00 4.897071519766116333e+11
3.853528593710531247e+00 4.909615239880612183e+11
4.229242874389498752e+00 4.887889937525338745e+11
4.641588833612781961e+00 4.890118723536967163e+11
5.094138014816380178e+00 4.852691040884033813e+11
5.590810182512228721e+00 4.788424516505772095e+11
6.135907273413176100e+00 4.749955659364075317e+11
6.734150657750828550e+00 4.656489189290159302e+11
7.390722033525782386e+00 4.556975134323302612e+11
8.111308307896871739e+00 4.457718625114807739e+11
8.902150854450392004e+00 4.307686450427430420e+11
9.770099572992256398e+00 4.181127966914452515e+11
1.072267222010324339e+01 4.029579234428847656e+11
1.176811952434999142e+01 3.824960964864786377e+11
1.291549665014884063e+01 3.676805133867901001e+11
1.417474162926806258e+01 3.483574896556759033e+11
1.555676143930472222e+01 3.245351796807640991e+11
1.707352647470692020e+01 3.093679167254439087e+11
1.873817422860384951e+01 2.865114091601412354e+11
2.056512308348653661e+01 2.628138242063374023e+11
2.257019719633921540e+01 2.458918336387040710e+11
2.477076355991711409e+01 2.210363407311755676e+11
2.718588242732942817e+01 2.025139727240394287e+11
2.983647240283340452e+01 1.828613941084895935e+11
3.274549162877731590e+01 1.585754621992243958e+11
3.593813663804629499e+01 1.457694431423413086e+11
3.944206059437659917e+01 1.287957930683296661e+11
4.328761281083061618e+01 1.040817541542567749e+11
4.750810162102798273e+01 9.876485313003871155e+10
5.214008287999689628e+01 8.314542821097509766e+10
5.722367659350220492e+01 6.477508455225241089e+10
6.280291441834259558e+01 6.486439088418131256e+10
6.892612104349701951e+01 5.040400910539440918e+10
7.564633275546290747e+01 4.205551185695338440e+10
8.302175681319752698e+01 3.857194131048378754e+10
9.111627561154895716e+01 2.457745561368053818e+10
1.000000000000000000e+02 2.591326326844504166e+10
